<?xml version="1.0"?>
<opencv_storage>
<opencv_ml_svm>
  <format>3</format>
  <svmType>EPS_SVR</svmType>
  <kernel>
    <type>RBF</type>
    <gamma>0.10000000000000001</gamma></kernel>
  <C>10.</C>
  <p>0.01</p>
  <term_criteria><epsilon>1.1920928955078125e-07</epsilon>
    <iterations>1000</iterations></term_criteria>
  <var_count>57</var_count>
  <sv_total>27</sv_total>
  <support_vectors>
    <_>
      0.00799468439 0.010062024 0. 0. 1. 0.000382270169 0.00387814082 0.
      1. 0.00173263787 0.000312674121 0.000136354138 6.81770689e-05
      8.22826623e-05 6.11242649e-05 4.46677332e-05 0. 0. 0. 0. 0. 0. 0.
      0. 0. 0. 0. 0. 0. 0. 0. 0. 0. 0. 0. 0. 0. 0. 0. 0. 0.000150000007
      0.000300999993 0.000430999993 0.674887896 1.43189371 0.034802787
      0.000365999993 0.411202192 0. 0. 0.138629436 1. 0. 0. 0. 0.
      0.000300999993</_>
    <_>
      0.00268979697 0.00698113255 0. 0. 1. 0.000865384587 0.00933574326
      0. 1. 0.00222188793 0.000310358941 2.11608367e-05 0. 0. 0. 0. 0.
      0. 0. 0. 0. 0. 0. 0. 0. 0. 0. 0. 0. 0. 0. 0. 0. 0. 0. 0. 0. 0. 0.
      0. 0.000970000052 0.001223 0.00262000016 0.450128794 2.14227319
      0.0370228998 0.00192149996 0.318240941 0.00464285677 0.0464285724
      0.479579061 0.100000001 0.00208988343 1.24883418e-05 0.0376307666
      5.67821444e-05 0.0001223</_>
    <_>
      0.0030322352 0.0110565312 0. 0. 1. 0.000143058161 0.00822392665 0.
      0.99999994 0.00648328429 0.000803615258 0.000536531385
      4.72714873e-06 0. 0. 0. 0. 0. 0. 0. 0. 0. 0. 0. 0. 0. 0. 0. 0. 0.
      0. 0. 0. 0. 0. 0. 0. 0. 0. 0. 0.00102999993 0.00108999992
      0.00265799998 0.39478448 2.43853211 0.0387509391 0.00187399995
      0.290821761 0.00928571355 0.0464285724 0.358351886 0.200000003
      0.00366585562 2.8156468e-05 0.0167692304 5.0607141e-05
      0.000218000001</_>
    <_>
      0.00303099374 0.0120352423 0. 0. 1. 0.000790337683 0.00774879521
      0. 1. 0.00963273738 0.000886913738 0.000540685374 0.000106714222
      9.48570869e-06 0. 0. 0. 0. 0. 0. 0. 0. 0. 0. 0. 0. 0. 0. 0. 0. 0.
      0. 0. 0. 0. 0. 0. 0. 0. 0. 0.00180999993 0.00214699982
      0.00482799998 0.428628445 2.24871922 0.0374896452 0.0034874999
      0.307813615 0.0139285717 0.0464285724 0.293267399 0.300000012
      0.0059701819 4.22174126e-05 0.0220205113 9.968214e-05
      0.000644100015</_>
    <_>
      0.00644948147 0.0230945889 0. 0. 1. 0.00337007502 0.0115642315 0.
      1. 0.0209933165 0.0107391309 0.00138452102 0.000647403009
      0.000116387062 2.18225741e-05 2.42473038e-06 0. 0. 0. 0. 0. 0. 0.
      0. 0. 0. 0. 0. 0. 0. 0. 0. 0. 0. 0. 0. 0. 0. 0. 0. 0.00205999985
      0.00254100002 0.00552999973 0.442991614 2.17630863 0.037251357
      0.00403549988 0.314830869 0.0185714271 0.0464285724 0.250552595
      0.400000006 0.00822698604 0.000119776072 0.0195461549
      0.000117975003 0.00101640006</_>
    <_>
      0.00231828727 0.0121083194 0. 0. 1. 0.000961538462 0.00827975199
      0. 1. 0.00385138835 0.00303858006 0.000526907737 8.03357107e-05
      7.08844482e-06 0. 0. 0. 0. 0. 0. 0. 0. 0. 0. 0. 0. 0. 0. 0. 0. 0.
      0. 0. 0. 0. 0. 0. 0. 0. 0. 0.00268999999 0.00335999974
      0.00724800024 0.446986765 2.15714312 0.0371136852 0.00530399987
      0.316742063 0.0232142862 0.0464285724 0.219722465 0.5 0.0103764785
      5.38173808e-05 0.0206769221 0.000155999995 0.00167999987</_>
    <_>
      0.0053217453 0.0292166844 0. 0. 1. 0.00543151982 0.0114811091 0.
      1. 0.00607914338 0.00359873823 0.00361785502 0.0037086599
      0.00124737143 0.000437296898 0.000136207222 7.88568141e-05
      1.91168037e-05 2.38960047e-06 0. 0. 0. 0. 0. 0. 0. 0. 0. 0. 0. 0.
      0. 0. 0. 0. 0. 0. 0. 0. 0. 0.00258999993 0.0031930001
      0.00696200039 0.442182541 2.18039465 0.0372019522 0.00507750036
      0.314426392 0.0278571434 0.0464285724 0.196165845 0.600000024
      0.0123179425 0.000148248626 0.0163743589 0.000148246443
      0.00191580015</_>
    <_>
      0.00656803884 0.0293221958 0. 0. 1. 0.0051266416 0.0129799135 0.
      1. 0.008636971 0.00433168467 0.00520522101 0.00398610951
      0.000698349148 0.000335975521 7.67944075e-05 9.59930094e-06
      4.79965047e-06 0. 0. 0. 0. 0. 0. 0. 0. 0. 0. 0. 0. 0. 0. 0. 0. 0.
      0. 0. 0. 0. 0. 0.0025200001 0.00314299995 0.00680199964 0.44556284
      2.16417432 0.0370479301 0.0049724998 0.316038221 0.0325000025
      0.0464285724 0.177460641 0.699999988 0.0144807938 0.000213461273
      0.0138153844 0.000145925005 0.00220009987</_>
    <_>
      0.00656326581 0.0240789745 0. 0. 1. 0.00341932452 0.0124356216 0.
      0.99999994 0.0122491699 0.00761753507 0.00531976297 0.000584668654
      0.000158798895 7.21813194e-06 0. 0. 0. 0. 0. 0. 0. 0. 0. 0. 0. 0.
      0. 0. 0. 0. 0. 0. 0. 0. 0. 0. 0. 0. 0. 0.00234999997 0.00302599999
      0.00570999971 0.508999169 1.88697946 0.0411558673 0.0043680002
      0.346382797 0.0371428542 0.0464285724 0.162186041 0.800000012
      0.0189056825 0.000243778413 0.0116384616 0.000140492863
      0.00242080004</_>
    <_>
      0.00854722597 0.0303481594 0. 0. 1. 0.00396810519 0.0125370817 0.
      1. 0.013220448 0.00631777942 0.00610025832 0.00435525551
      0.000502715411 5.31718215e-05 1.45014055e-05 2.416901e-06 0. 0. 0.
      0. 0. 0. 0. 0. 0. 0. 0. 0. 0. 0. 0. 0. 0. 0. 0. 0. 0. 0. 0.
      0.00202999986 0.00267299986 0.00554799987 0.464788735 2.07557058
      0.0365897603 0.00411049975 0.32514292 0.0417857133 0.0464285724
      0.149442881 0.899999976 0.019421529 0.000357151934 0.0091384612
      0.000124103564 0.00240569981</_>
    <_>
      0.00999616459 0.0405258462 0. 0. 1. 0.00851313304 0.0164539423 0.
      1. 0.0139304539 0.00502747763 0.0039579561 0.00402343739
      0.00426353374 0.00248342357 0.00032497925 8.73078607e-05
      1.45513095e-05 0. 0. 0. 0. 0. 0. 0. 0. 0. 0. 0. 0. 0. 0. 0. 0. 0.
      0. 0. 0. 0. 0. 0.00153999997 0.00214200001 0.00426100008
      0.485164195 1.98926234 0.0361417495 0.00320150005 0.334530711
      0.0464285724 0.0464285724 0.138629436 1. 0.0225254819
      0.000464107667 0.00659076916 9.94500006e-05 0.00214200001</_>
    <_>
      0.00317100761 0.0172577109 0. 0. 1. 0.00120309566 0.00874410477 0.
      1. 0.00898369681 0.00483829109 0.000890512194 0.000271439552
      9.52419505e-05 0.000178578659 1.90483897e-05 2.38104872e-06 0. 0.
      0. 0. 0. 0. 0. 0. 0. 0. 0. 0. 0. 0. 0. 0. 0. 0. 0. 0. 0. 0. 0.
      0.0011900001 0.00144300004 0.00318300002 0.437007874 2.20582104
      0.0373861156 0.00231300015 0.311932534 0.0207142867 0.20714286
      0.479579061 0.100000001 0.00905230641 6.56851626e-05 0.00995172374
      0.000298907165 0.000144300007</_>
    <_>
      0.00329878973 0.0185654648 0. 0. 1. 0.00278846151 0.0101115219 0.
      1. 0.00634968933 0.00550306402 0.00149110681 0.000292513781
      0.000147445971 0.000118908043 9.51264374e-05 3.09160896e-05
      1.66471254e-05 2.37816084e-06 0. 0. 0. 0. 0. 0. 0. 0. 0. 0. 0. 0.
      0. 0. 0. 0. 0. 0. 0. 0. 0. 0.00104999996 0.00137299998
      0.00286999997 0.461512595 2.0903132 0.0365853645 0.00212149997
      0.323591799 0.0414285734 0.20714286 0.358351886 0.200000003
      0.0191198085 0.000136664152 0.00473448215 0.000284407142
      0.000274599995</_>
    <_>
      0.00274655106 0.015313399 0. 0. 1. 0.00102720445 0.00857760385 0.
      1. 0.00717223808 0.00419409666 0.00101883779 0.000227991666
      2.37491331e-05 1.66243935e-05 2.37491327e-06 2.37491327e-06
      2.37491327e-06 0. 2.37491327e-06 0. 0. 0. 0. 0. 0. 0. 0. 0. 0. 0.
      0. 0. 0. 0. 0. 0. 0. 0. 0. 0.000970000052 0.00121999998
      0.00262699998 0.447870761 2.15327883 0.0369242504 0.00192350009
      0.317130208 0.0621428564 0.20714286 0.293267399 0.300000012
      0.0278319679 0.000170678541 0.00280459761 0.000252714293
      0.000366000022</_>
    <_>
      0.00234134379 0.0134911472 0. 0. 1. 0.000827861135 0.00838090014
      0. 0.99999994 0.00557765504 0.00232855859 0.000754888402
      0.000217710767 8.75575861e-05 5.44276918e-05 2.1297792e-05 0. 0.
      0. 0. 0. 0. 0. 0. 0. 0. 0. 0. 0. 0. 0. 0. 0. 0. 0. 0. 0. 0. 0. 0.
      0.000750000007 0.000989999971 0.00206299988 0.463049591 2.08383846
      0.0363548249 0.00152649998 0.324271202 0.0828571469 0.20714286
      0.250552595 0.400000006 0.0383669697 0.000193997068 0.00170689647
      0.000205071425 0.000395999989</_>
    <_>
      0.00146998127 0.0108099189 0. 0. 1. 0.000919324579 0.00722534303
      0. 1. 0.00262825401 0.00143552176 0.00084386993 0.000146145074
      3.77148572e-05 7.07153595e-06 2.35717857e-06 0. 0. 0. 0. 0. 0. 0.
      0. 0. 0. 0. 0. 0. 0. 0. 0. 0. 0. 0. 0. 0. 0. 0. 0. 0.000709999993
      0.00083699997 0.00201299996 0.401631504 2.40501785 0.0352707393
      0.00142500002 0.293684214 0.10357143 0.20714286 0.219722465 0.5
      0.0415975489 0.00015224806 0.00115448271 0.000173378561
      0.000418499985</_>
    <_>
      0.00145664567 0.00855650008 0. 0. 1. 0.000569887401 0.00842208322
      0. 1. 0.00272670132 0.000979540288 0.000223693103 4.23839556e-05
      4.0029292e-05 1.17733216e-05 2.35466428e-06 2.35466428e-06 0. 0.
      0. 0. 0. 0. 0. 0. 0. 0. 0. 0. 0. 0. 0. 0. 0. 0. 0. 0. 0. 0. 0.
      0.000589999952 0.000549999997 0.00149300008 0.354381442 2.71454549
      0.0395177454 0.00102149998 0.269211948 0.124285713 0.20714286
      0.196165845 0.600000024 0.0440445505 0.000181040246 0.000632183917
      0.000113928574 0.00033000001</_>
    <_>
      0.00148157857 0.00871333014 4.69043152e-06 2.34521576e-06 1.
      0.000799718546 0.00893915351 2.32156873 1. 0.00213670684
      0.000818914094 0.000376512209 4.00044228e-05 4.70640271e-06
      4.70640271e-06 4.70640271e-06 4.70640271e-06 0. 7.05960429e-06
      2.35320135e-06 0. 2.35320135e-06 2.35320135e-06 0. 0. 0. 0. 0. 0.
      0. 0. 0. 0. 0. 7.51879707e-05 0. 0. 0. 0. 0. 0.000560000015
      0.000592999975 0.00145900005 0.391419113 2.46037102 0.038382452
      0.00102600001 0.288986325 0.144999996 0.20714286 0.177460641
      0.699999988 0.05675577 0.000214828891 0.000584236463
      0.000122835714 0.000415099988</_>
    <_>
      0.00355034391 0.00876076892 0. 0. 1. 0.000471388368 0.0243743695
      0. 0.99999994 0.00119138253 0.000422976038 0.000169190418
      0.000115143477 7.75456065e-05 7.04960075e-06 0. 0. 0. 0. 0. 0. 0.
      0. 0. 0. 0. 0. 0. 0. 0. 0. 0. 0. 0. 0. 0. 0. 0. 0. 0.
      0.000469999999 0.000230999998 0.001055 0.209618866 4.56709957
      0.0445497632 0.000643000007 0.179626733 0.165714294 0.20714286
      0.162186041 0.800000012 0.0347368419 0.000588342722 0.000199137925
      4.78500006e-05 0.000184799996</_>
    <_>
      0.00531837903 0.0117174694 2.34521576e-06 0. 1. 0.000654315169
      0.0311833322 1.86666667 1. 0.00164878333 0.000444536447
      0.000350454648 0.000164643134 0.000134066548 8.70256554e-05
      7.76174784e-05 0. 0. 2.3520447e-06 0. 2.3520447e-06 0. 0. 0. 0. 0.
      0. 0. 0. 0. 0. 0. 0. 0. 3.75939853e-05 0. 0. 0. 0. 0.
      0.00033000001 0.000308999995 0.000705000013 0.418699175 2.28155351
      0.046808511 0.000507000019 0.304733723 0.186428577 0.20714286
      0.149442881 0.899999976 0.0780574903 0.000991497887 0.000236781591
      6.40071448e-05 0.000278099993</_>
    <_>
      0.00134099438 0.0118818423 0. 0. 1. 0.000583958696 0.00682603102
      0. 1. 0.00184865529 0.000932570023 0.000694717572 0.000402700709
      0.000202527837 7.30042229e-05 7.06492483e-06 0. 0. 0. 0. 0. 0. 0.
      0. 0. 0. 0. 0. 0. 0. 0. 0. 0. 0. 0. 0. 0. 0. 0. 0. 0.000280000007
      0.00033499999 0.000792000035 0.408536583 2.36417913 0.0353535339
      0.000563500042 0.297249317 0.20714286 0.20714286 0.138629436 1.
      0.0846254379 0.000277777406 0.000231034472 6.93928523e-05
      0.00033499999</_>
    <_>
      0.00868416857 0.0346003696 1.40712946e-05 0. 1. 0.00551829254
      0.0149130151 0.46405229 0.99999994 0.0240013208 0.00422337698
      0.00205093808 0.00175933552 0.0015600737 0.00136081199
      0.000626945519 0.000332912925 0.000140941236 7.77606838e-05
      2.18701916e-05 4.86004274e-06 0. 0. 0. 0. 0. 0. 0. 0. 0. 0. 0. 0.
      7.51879707e-05 0.000150375941 0. 0. 0. 0. 0. 0.00162999996
      0.00183199998 0.00427300017 0.412984669 2.33242369 0.0381465033
      0.00305250008 0.300081909 0.000142857141 1.42857146 1.8420881
      9.99999975e-05 5.89978081e-05 1.24059545e-06 1.83200002
      0.00261714286 1.83200001e-07</_>
    <_>
      0.0300091784 0.0866163447 0.00164868671 0.000452626642 1.
      0.00706848036 0.0200608093 0.312620968 1. 0.0273118839 0.038747672
      0.0302446149 0.011098112 0.00713639986 0.00769210327 0.00456261635
      0.00249933521 0.00142781169 0.000906673726 0.000550385506
      0.000475937239 0.000576974184 0.000382876897 4.54747351e-13 0. 0.
      0. 0. 0. 0. 0. 0. 0. 0. 0.026428571 0. 0. 0. 0. 0. 0.0300499983
      0.0332119986 0.0785930008 0.407019794 2.36640382 0.0382349566
      0.0559025034 0.29705289 0.00142857141 1.42857146 1.38175094
      0.00100000005 0.000581456814 4.28702551e-05 3.32119989
      0.0474457145 3.32119998e-05</_>
    <_>
      0.0520345718 0.13166672 0.00566604128 0.00315666036 1.
      0.00467166957 0.0229316484 0.170981035 1. 0.0450909883
      0.0172855351 0.0228663255 0.0271891169 0.0206936728 0.0247153323
      0.011898932 0.00615491113 0.00285653165 0.00147751637
      0.000306760543 -8.41282599e-12 6.1914965e-05 0.000129458567
      0.00115105568 0. 0. 0. 0. 0. 0. 0. 0. 0. 0. 0.0908270702 0. 0. 0.
      0. 0. 0.0699800029 0.0755579993 0.182043001 0.399691075 2.40931463
      0.038441468 0.128800496 0.29331407 0.00714285718 1.42857146
      1.06066096 0.00499999989 0.00285493629 0.000371675502 1.51116002
      0.107940003 0.000377789984</_>
    <_>
      0.0466436185 0.12469101 0.0054620076 0.00159240153 1.
      0.00413696049 0.0230240952 0.114952981 1. 0.0291299783
      0.0187435821 0.0288049765 0.0231898222 0.0146496538 0.0163101666
      0.0106840869 0.00767440815 0.00477943569 0.00344119384
      0.00202921196 0.00167689915 0.00199643872 0.00139013305 0. 0. 0.
      0. 0. 0. 0.0178571437 0.0193984956 0. 0. 0.0251879692 0.0251127817
      0. 0. 0. 0. 0. 0.0804399997 0.085611999 0.208622992 0.395131707
      2.43684292 0.0385575928 0.14711751 0.290964693 0.0142857144
      1.42857146 0.923024118 0.00999999978 0.00564473867 0.000666337437
      0.85611999 0.12230286 0.000856120023</_>
    <_>
      0.042266719 0.116206497 0.0050328332 0.00146575982 1.
      0.00323170726 0.0200581793 0.120132305 1. 0.0498589203
      0.0263978355 0.0223889388 0.0165538304 0.0117195752 0.0129480185
      0.00882121455 0.00655901339 0.00434616907 0.0031341773
      0.00182621356 0.00154926523 0.0017384676 0.00137377321 0. 0. 0. 0.
      0. 0. 0. 0. 0. 0. 0.0806766897 0. 0. 0. 0. 0. 0. 0.0697699934
      0.0779929981 0.182953 0.410640746 2.34576178 0.0381354764
      0.130473003 0.298885584 0.0714285746 1.42857146 0.608904481
      0.0500000007 0.0293314829 0.00301905163 0.155985996 0.111418568
      0.00389965018</_>
    <_>
      0.0335036777 0.0993319973 0.00274390238 0. 1. 0.0017260788
      0.0172547176 0.104387462 1. 0.0406882912 0.0310158711 0.0181852188
      0.0113263503 0.00801581796 0.00922620576 0.00631379243
      0.00503927749 0.0034868808 0.00241008913 0.00148292631
      0.00140009611 0.000724095502 0. 0. 0. 0. 0. 0. 0. 0.00296992483
      0.0215789471 0. 0. 0.00229323306 0.0171428565 0. 0. 0. 0. 0.
      0.0434700027 0.050704997 0.115140006 0.424355775 2.27078199
      0.0377540402 0.0829224959 0.305737287 0.142857149 1.42857146
      0.479579061 0.100000001 0.0606222562 0.00478623994 0.050704997
      0.0724357143 0.00507049961</_></support_vectors>
  <decision_functions>
    <_>
      <sv_count>27</sv_count>
      <rho>-5.7724306807431427</rho>
      <alpha>
        -10. -10. -10. -10. -10. -10. -10. -10. 10. -10. 10.
        -6.5824496029931669 10. 10. 10. 10. 10. -0.92365763951694713
        7.170345711206239 10. 10. 1.2734752745293982
        -0.64203877284828925 -7.0309285367298466 -10. 6.7352535663526139
        10.</alpha></_></decision_functions></opencv_ml_svm>
</opencv_storage>
